1	0.022461	0.023838	0.021253	0.024191
2	0.029870	0.029027	0.026456	0.033318
3	0.055394	0.051978	0.047601	0.056092
4	0.076352	0.075172	0.075852	0.084342
5	0.103000	0.091879	0.096585	0.113158
6	0.114746	0.119634	0.123343	0.138499
7	0.150685	0.149307	0.150816	0.170023
8	0.175718	0.166522	0.158064	0.206391
9	0.191588	0.174934	0.189002	0.214901
10	0.223969	0.206416	0.198758	0.249659
11	0.086757	0.083456	0.077273	0.080309
12	0.103900	0.102145	0.098669	0.111643
13	0.131914	0.119340	0.125111	0.132716
14	0.284776	0.156154	0.146540	0.169438
15	0.240014	0.171268	0.173470	0.355382
16	1.662308	0.187729	0.203173	0.333911
17	2.906043	0.228586	0.234165	1.635592
18	0.529730	1.334765	3.217306	2.876092
19	2.189297	4.472130	4.583660	3.561859