0	0.476314	0.787820	0.07	0.14	0.147152	1.35
1	0.965969	1.566668	0.14	0.28	0.278213	4.39
2	1.375999	2.418276	0.22	0.43	0.415033	7.15
3	1.859182	3.156508	0.29	0.55	0.569846	10.28
4	2.323662	3.955716	0.39	0.72	0.735741	13.20
5	2.782394	4.795227	0.46	0.88	0.852389	16.24
6	3.212038	5.593510	0.56	1.03	1.021707	19.50
7	3.754538	6.423097	0.62	1.21	1.216355	23.89
8	4.217813	7.342680	0.70	1.32	1.334753	25.65
9	4.787700	7.873086	0.76	1.44	1.446406	27.06

CPU time:   
CPU time:   
CPU time:   
CPU time:  
CPU time:  
CPU time:  
CPU time:  
CPU time:  
CPU time:  
CPU time:  